Station	Lat	Long	Cast_ID	Datetime_in	Datetime_out	sample_id	Niskin	Talkumolk	pHp0T25S	DICAlkpH0	Depthm	TempC	S	Oca	Oar	Rateggd	Rategcm2d	Rateerrorggd	Rateerrorgcm2d	logrategcm2d	lograteerrorgcm2d	Oca_corr	Rs
2	27.75	-155.283	FA	20170806_0549	20170807_0655	aragonite	9	2308.5	7.336	2305.3	700	5.433	34.074	0.876	0.557	3.860E-03	1.750E-07	3.540E-04	1.610E-08	-6.760	0.040	0.00	Inf
2	27.75	-155.283	FA	20170806_0549	20170807_0655	aragonite	10	2309.7	7.325	2310.4	710	5.329	34.081	0.848	0.540	4.020E-03	1.830E-07	3.500E-04	1.590E-08	-6.740	0.038	0.00	Inf
2	27.75	-155.283	HW	20170807_0800	20170807_1839	aragonite	15	2425.2	7.450	2382.1	2020	2.092	34.617	0.886	0.571	5.120E-03	2.330E-07	1.470E-03	6.690E-08	-6.630	0.125	0.00	Inf
3	35.267	-150.983	FA	20170812_1700	20170812_2016	aragonite	8	2316.3	7.255	2346.5	698.9	4.421	34.107	0.712	0.452	4.550E-03	2.070E-07	2.150E-04	9.790E-09	-6.680	0.021	0.00	Inf
3	35.267	-150.983	FA	20170812_1700	20170812_2016	aragonite	10	2332.5	7.284	2352.7	738.9	4.232	34.141	0.764	0.486	5.270E-03	2.390E-07	2.680E-04	1.220E-08	-6.620	0.022	0.00	Inf
3	35.267	-150.983	FA	20170812_1700	20170812_2016	aragonite	9	2328.8	7.286	2348.5	728.9	4.281	34.132	0.768	0.488	6.570E-03	2.990E-07	8.290E-05	3.770E-09	-6.530	0.005	0.00	Inf
3	35.267	-150.983	FA	20170812_1700	20170812_2016	aragonite	7	2309.7	7.330	2314.2	648.7	4.694	34.065	0.869	0.552	7.450E-03	3.390E-07	1.790E-04	8.120E-09	-6.470	0.010	0.00	Inf
3	35.267	-150.983	FA	20170812_1700	20170812_2016	aragonite	5	2301.9	7.385	2288.3	598.5	4.983	34.032	1.004	0.638	1.790E-03	8.110E-08	1.390E-04	6.300E-09	-7.090	0.034	0.00	Inf
3	35.267	-150.983	FA	20170812_1700	20170812_2016	aragonite	4	2301.6	7.402	2282.2	573.7	5.190	34.009	1.057	0.671	2.090E-03	9.480E-08	1.140E-04	5.200E-09	-7.020	0.024	0.00	Inf
3	35.267	-150.983	FA	20170812_1700	20170812_2016	aragonite	1	2283.8	7.470	2241.8	498.6	6.138	33.976	1.266	0.804	1.610E-03	7.300E-08	7.660E-05	3.480E-09	-7.140	0.021	0.00	Inf
4	41.716	-148.3	FA	20170816_2115	20170817_2305	aragonite	5	2294.6	7.381	2276.7	500	4.995	33.977	1.012	0.642	3.570E-03	1.620E-07	2.130E-04	9.700E-09	-6.790	0.026	0.00	Inf
4	41.716	-148.3	FA	20170816_2115	20170817_2305	aragonite	4	2286.5	7.425	2254.4	450	5.387	33.944	1.137	0.721	2.500E-03	1.140E-07	1.230E-04	5.590E-09	-6.940	0.021	0.00	Inf
4	41.716	-148.3	FA	20170816_2115	20170817_2305	aragonite	3	2282.8	7.448	2243.2	425	5.687	33.941	1.209	0.767	1.740E-03	7.930E-08	1.230E-04	5.610E-09	-7.100	0.031	0.00	Inf
4	41.716	-148.3	FA	20170816_2115	20170817_2305	aragonite	2	2276.7	7.462	2232.3	400	6.114	33.945	1.260	0.799	1.180E-03	5.380E-08	2.600E-04	1.180E-08	-7.270	0.095	0.00	Inf
4	41.716	-148.3	FA	20170816_2115	20170817_2305	aragonite	1	2271.5	7.536	2202.2	350	6.913	33.949	1.521	0.965	1.030E-03	4.680E-08	1.480E-04	6.730E-09	-7.330	0.062	0.00	Inf
5	49.683	-155.283	HW	20170822_1728	20170823_1604	aragonite	16	2258.3	7.412	2231.8	135	3.829	33.406	1.147	0.722	1.120E-03	5.100E-08	4.710E-04	2.140E-08	-7.290	0.182	0.00	Inf
5	49.683	-155.283	HW	20170822_1728	20170823_1604	aragonite	13	2238.5	7.493	2187.0	120	4.049	33.031	1.379	0.868	9.040E-04	4.110E-08	2.850E-04	1.290E-08	-7.390	0.137	0.00	Inf
5	49.683	-155.283	HW	20170822_1728	20170823_1604	aragonite	12	2227.8	7.530	2164.5	115	4.079	32.884	1.500	0.944	6.850E-04	3.110E-08	2.340E-04	1.060E-08	-7.510	0.149	0.00	Inf
5	49.683	-155.283	HW	20170822_1728	20170823_1604	aragonite	11	2219.1	7.571	2142.5	110	3.981	32.808	1.643	1.033	6.190E-04	2.810E-08	2.620E-04	1.190E-08	-7.550	0.184	0.00	Inf
5	49.683	-155.283	HW	20170822_1728	20170823_1604	aragonite	10	2200.1	7.639	2100.7	100	4.185	32.694	1.908	1.199	7.880E-04	3.580E-08	3.220E-04	1.460E-08	-7.450	0.177	0.00	Inf
4	41.716	-148.3	HW	20170817_2359	20170819_1200	benthic	7	2377.0	7.271	2396.4	1050	3.102	34.345	0.694	0.443	6.977E-04	6.335E-07	3.535E-04	3.220E-07	-6.198	0.507	0.00	6.00
5	49.683	-155.283	FA	20170821_0950	20170823_1859	benthic	9	2347.5	7.272	2366.1	700	3.372	34.260	0.747	0.474	5.915E-04	5.378E-07	1.587E-04	1.447E-07	-6.269	0.268	0.00	6.00
2	27.75	-155.283	HW2	20170809_1212	20170810_1920	calcite	9	2368.5	7.297	2378.7	979.3	3.937	34.364	0.758	0.483	2.420E-04	1.590E-07	1.900E-05	1.250E-08	-6.798	0.034	0.00	Inf
3	35.267	-150.983	HW	20170813_2120	20170815_0658	calcite	1	2306.5	7.343	2300.4	625	4.865	34.043	0.897	0.570	3.440E-05	2.270E-08	1.590E-05	1.040E-08	-7.640	0.200	0.00	Inf
3	35.267	-150.983	HW	20170813_2120	20170815_0658	calcite	3	2325.7	7.299	2334.5	725	4.297	34.129	0.789	0.502	1.457E-04	9.580E-08	1.270E-05	8.330E-09	-7.020	0.038	0.00	Inf
3	35.267	-150.983	HW	20170813_2120	20170815_0658	calcite	4	2326.6	7.294	2337.2	735	4.252	34.137	0.777	0.494	2.089E-04	1.370E-07	2.350E-05	1.550E-08	-6.860	0.049	0.00	Inf
3	35.267	-150.983	HW	20170813_2120	20170815_0658	calcite	5	2342.6	7.281	2357.8	800	4.009	34.185	0.746	0.474	4.206E-04	2.770E-07	1.530E-05	1.000E-08	-6.560	0.016	0.00	Inf
3	35.267	-150.983	HW	20170813_2120	20170815_0658	calcite	7	2375.6	7.273	2394.0	1050	3.267	34.361	0.698	0.445	8.374E-04	5.510E-07	2.930E-05	1.930E-08	-6.260	0.015	0.00	Inf
3	35.267	-150.983	HW	20170813_2120	20170815_0658	calcite	9	2408.6	7.329	2407.8	1500	2.529	34.539	0.734	0.470	6.283E-04	4.130E-07	2.980E-05	1.960E-08	-6.380	0.021	0.00	Inf
3	35.267	-150.983	HW	20170813_2120	20170815_0658	calcite	12	2424.9	7.428	2389.8	2110	1.888	34.622	0.822	0.531	5.850E-05	3.850E-08	1.410E-05	9.260E-09	-7.410	0.104	0.00	Inf
4	41.716	-148.3	FA	20170816_2115	20170817_2305	calcite	6	2313.1	7.335	2310.6	600	4.457	34.063	0.885	0.562	1.049E-04	6.900E-08	2.250E-05	1.480E-08	-7.160	0.093	0.00	Inf
4	41.716	-148.3	FA	20170816_2115	20170817_2305	calcite	8	2322.3	7.254	2347.0	700	4.124	34.148	0.709	0.451	3.363E-04	2.210E-07	1.950E-05	1.290E-08	-6.660	0.025	0.00	Inf
4	41.716	-148.3	HW	20170817_2359	20170819_1200	calcite	2	2318.0	7.323	2319.5	620	4.367	34.083	0.858	0.544	6.506E-05	4.280E-08	1.470E-05	9.660E-09	-7.370	0.098	0.00	Inf
4	41.716	-148.3	HW	20170817_2359	20170819_1200	calcite	4	2329.4	7.313	2334.1	675	4.203	34.129	0.830	0.527	1.051E-04	6.920E-08	1.240E-05	8.130E-09	-7.160	0.051	0.00	Inf
4	41.716	-148.3	HW	20170817_2359	20170819_1200	calcite	6	2380.1	7.282	2395.5	1040	3.119	34.342	0.717	0.457	6.080E-04	4.000E-07	1.400E-05	9.190E-09	-6.400	0.010	0.00	Inf
4	41.716	-148.3	HW	20170817_2359	20170819_1200	calcite	10	2410.9	7.300	2420.1	1500	2.443	34.495	0.680	0.436	1.351E-03	8.890E-07	2.440E-05	1.610E-08	-6.050	0.008	0.00	Inf
4	41.716	-148.3	HW	20170817_2359	20170819_1200	calcite	12	2430.6	7.391	2408.0	2100	1.907	34.607	0.749	0.484	2.856E-04	1.880E-07	1.990E-05	1.310E-08	-6.730	0.030	0.00	Inf
5	49.683	-155.283	FA	20170821_0950	20170823_1859	calcite	6	2346.9	7.267	2367.6	620	3.565	34.212	0.750	0.476	2.973E-04	1.960E-07	6.680E-06	4.390E-09	-6.709	0.010	0.00	Inf
5	49.683	-155.283	FA	20170821_0950	20170823_1859	calcite	4	2323.0	7.249	2350.0	430	3.811	34.061	0.741	0.469	3.103E-04	2.040E-07	1.110E-05	7.330E-09	-6.690	0.016	0.00	Inf
5	49.683	-155.283	FA	20170821_0950	20170823_1859	calcite	2	2292.5	7.241	2321.8	255	3.766	33.849	0.745	0.470	2.643E-04	1.740E-07	8.830E-06	5.810E-09	-6.760	0.015	0.00	Inf
5	27.75	-155.283	HW3	20170824_2211	20170826_0800	calcite	2	2276.7	7.305	2284.7	163.1	3.644	33.701	0.883	0.556	3.690E-05	2.430E-08	1.780E-05	1.170E-08	-7.615	0.209	0.00	Inf
5	27.75	-155.283	HW3	20170824_2211	20170826_0800	calcite	3	2276.8	7.300	2286.3	168.1	3.646	33.704	0.872	0.550	2.630E-05	1.730E-08	1.580E-05	1.040E-08	-7.762	0.261	0.00	Inf
5	27.75	-155.283	HW3	20170824_2211	20170826_0800	calcite	5	2276.2	7.281	2292.0	178.3	3.665	33.733	0.829	0.523	1.990E-05	1.310E-08	1.670E-05	1.100E-08	-7.883	0.366	0.00	Inf
5	27.75	-155.283	HW3	20170824_2211	20170826_0800	calcite	7	2280.9	7.285	2295.3	188	3.666	33.743	0.838	0.529	3.760E-05	2.470E-08	2.010E-05	1.320E-08	-7.607	0.232	0.00	Inf
5	27.75	-155.283	HW3	20170824_2211	20170826_0800	calcite	8	2278.2	7.234	2309.8	193	3.678	33.760	0.736	0.464	3.431E-04	2.260E-07	1.600E-05	1.050E-08	-6.646	0.020	0.00	Inf
5	27.75	-155.283	HW3	20170824_2211	20170826_0800	calcite	10	2283.4	7.275	2301.3	203.1	3.686	33.781	0.816	0.514	2.380E-04	1.570E-07	1.540E-05	1.020E-08	-6.805	0.028	0.00	Inf
5	27.75	-155.283	HW3	20170824_2211	20170826_0800	calcite	11	2284.9	7.273	2303.4	208.1	3.694	33.790	0.811	0.512	2.548E-04	1.680E-07	1.530E-05	1.010E-08	-6.776	0.026	0.00	Inf
5	27.75	-155.283	HW3	20170824_2211	20170826_0800	calcite	14	2295.4	7.267	2316.2	218	3.711	33.806	0.801	0.505	2.638E-04	1.740E-07	1.740E-05	1.150E-08	-6.761	0.029	0.00	Inf
2	27.75	-155.283	HW2	20170809_1212	20170810_1920	ehuxleyi	10	2363.8	7.299	2373.2	989.9	3.921	34.374	0.758	0.483	2.255E-03	2.150E-08	5.519E-04	5.259E-09	-7.668	0.106	0.00	0.92
2	27.75	-155.283	HW2	20170809_1212	20170810_1920	ehuxleyi	11	2369.5	7.297	2379.5	999.4	3.903	34.381	0.755	0.481	2.420E-03	2.296E-08	4.868E-04	4.633E-09	-7.639	0.087	0.00	0.92
2	27.75	-155.283	HW2	20170809_1212	20170810_1920	ehuxleyi	10	2363.8	7.299	2373.2	989.9	3.921	34.374	0.758	0.483	2.255E-03	2.150E-08	5.519E-04	5.259E-09	-7.668	0.106	0.00	0.92
2	27.75	-155.283	HW2	20170809_1212	20170810_1920	ehuxleyi	11	2369.5	7.297	2379.5	999.4	3.903	34.381	0.755	0.481	2.420E-03	2.296E-08	4.868E-04	4.633E-09	-7.639	0.087	0.00	0.92
3	35.267	-150.983	HW	20170813_2120	20170815_0658	ehuxleyi	2	2306.0	7.339	2301.3	635	4.777	34.055	0.884	0.562	1.814E-03	1.728E-08	7.179E-04	6.845E-09	-7.762	0.172	0.00	0.92
3	35.267	-150.983	HW	20170813_2120	20170815_0658	ehuxleyi	6	2339.4	7.284	2354.0	810	3.963	34.199	0.751	0.478	2.609E-03	2.483E-08	4.654E-04	4.424E-09	-7.605	0.078	0.00	0.92
4	41.716	-148.3	FA	20170816_2115	20170817_2305	ehuxleyi	7	2321.6	7.310	2327.5	650	4.278	34.107	0.825	0.524	2.630E-03	2.504E-08	5.927E-04	5.635E-09	-7.601	0.098	0.00	0.92
4	41.716	-148.3	FA	20170816_2115	20170817_2305	ehuxleyi	9	2331.4	7.298	2341.3	710	4.111	34.149	0.793	0.504	2.379E-03	2.275E-08	6.177E-04	5.885E-09	-7.643	0.112	0.00	0.92
4	41.716	-148.3	FA	20170816_2115	20170817_2305	ehuxleyi	10	2333.8	7.294	2344.9	725	4.049	34.163	0.783	0.498	3.318E-03	3.151E-08	5.677E-04	5.405E-09	-7.502	0.074	0.00	0.92
4	41.716	-148.3	FA	20170816_2115	20170817_2305	ehuxleyi	11	2333.4	7.293	2344.8	740	4.014	34.170	0.779	0.495	2.567E-03	2.463E-08	5.802E-04	5.510E-09	-7.609	0.098	0.00	0.92
4	41.716	-148.3	HW	20170817_2359	20170819_1200	ehuxleyi	1	2305.6	7.363	2293.9	550	4.743	34.014	0.959	0.608	1.935E-03	1.843E-08	6.282E-04	5.990E-09	-7.735	0.141	0.00	0.92
4	41.716	-148.3	HW	20170817_2359	20170819_1200	ehuxleyi	3	2320.3	7.326	2320.8	630	4.326	34.093	0.863	0.548	2.233E-03	2.129E-08	4.007E-04	3.819E-09	-7.672	0.078	0.00	0.92
4	41.716	-148.3	HW	20170817_2359	20170819_1200	ehuxleyi	5	2327.4	7.302	2336.1	685	4.173	34.137	0.803	0.510	2.275E-03	2.170E-08	4.445E-04	4.237E-09	-7.663	0.085	0.00	0.92
4	41.716	-148.3	HW	20170817_2359	20170819_1200	ehuxleyi	9	2384.3	7.284	2399.3	1070	3.059	34.354	0.715	0.456	3.736E-03	3.548E-08	4.529E-04	4.299E-09	-7.450	0.053	0.00	0.92
4	41.716	-148.3	HW	20170817_2359	20170819_1200	ehuxleyi	11	2399.0	7.299	2408.5	1510	2.431	34.498	0.672	0.431	5.551E-03	5.301E-08	1.064E-03	1.014E-08	-7.276	0.083	0.00	0.92
5	49.683	-155.283	FA	20170821_0950	20170823_1859	ehuxleyi	7	2343.7	7.260	2366.6	630	3.539	34.218	0.735	0.467	2.648E-03	2.525E-08	3.490E-04	3.318E-09	-7.598	0.057	0.00	0.92
5	49.683	-155.283	FA	20170821_0950	20170823_1859	ehuxleyi	3	2327.6	7.244	2356.3	420	3.815	34.057	0.735	0.465	2.143E-03	2.041E-08	3.539E-04	3.360E-09	-7.690	0.072	0.00	0.92
5	49.683	-155.283	FA	20170821_0950	20170823_1859	ehuxleyi	1	2284.6	7.258	2308.1	245	3.746	33.833	0.775	0.489	2.412E-03	2.296E-08	2.448E-04	2.337E-09	-7.639	0.044	0.00	0.92
5	49.683	-155.283	HW3	20170824_2211	20170826_0800	ehuxleyi	4	2277.1	7.298	2287.2	173.1	3.652	33.719	0.868	0.547	1.575E-03	1.501E-08	6.570E-04	6.261E-09	-7.824	0.181	0.00	0.92
5	49.683	-155.283	HW3	20170824_2211	20170826_0800	ehuxleyi	6	2279.7	7.282	2295.1	183	3.666	33.738	0.833	0.525	1.500E-03	1.427E-08	5.702E-04	5.426E-09	-7.845	0.165	0.00	0.92
5	49.683	-155.283	HW3	20170824_2211	20170826_0800	ehuxleyi	9	2283.9	7.277	2301.1	198.2	3.682	33.777	0.821	0.518	2.023E-03	1.926E-08	5.709E-04	5.447E-09	-7.715	0.123	0.00	0.92
5	49.683	-155.283	FA	20170821_0950	20170823_1859	ehuxleyi_orig	5	2336.7	7.245	2364.8	550	3.662	34.167	0.719	0.456	4.379E-03	4.179E-08	1.271E-04	1.208E-09	-7.379	0.029	0.00	20.00
4	41.716	-148.3	HW	20170817_2359	20170819_1200	planktic_assemblage	8	2368.7	7.242	2398.4	1060	3.075	34.351	0.640	0.408	5.167E-03	1.200E-07	4.717E-04	1.098E-08	-6.921	0.092	0.06	1.50